866
1554
0
1969
1294
1525
2287
199
97
1068
2573
402
929
1186
1002
1112
1421
764
4417
1408
0
5754
853
488
16
460
740
202
1173
1286
1696
969
1576
114
1401
1979
1420
938
1629
43
976
903
240
804
195
185
138
0
1687
928
1164
188
1475
933
1153
930
3466
1357
165
994
1326
171
25
1843
855
18
2816
852
797
1205
143
89
1032
15959
1072
1074
205
1048
121
901
28
1286
1800
453
1042
176
668
1001
1678
2295
903
1083
98
986
0
365
1053
1718
358
787
1118
1313
66
160
2293
3
1839
180
103
37
3032
593
754
976
2690
2331
375
314
1224
1771
805
1149
25
4759
1008
988
433
1213
742
789
1060
1541
514
112
283
1361
2701
2614
1689
1055
44
127
870
1024
100
611
480
67
97
690
983
64
3280
22769
2
1131
199
90
95
351
906
437
4622
920
1041
1765
356
53
157
163
246
931
134
4021
853
96
147
78
168
89
804
344
2009
12
457
329
9
1278
0
852
479
2034
71
1069
2407
829
829
362
0
134
464
759
1044
263
1231
127
139
1021
757
670
87
399
971
69
133
1059
718
63
2369
71
1337
94
1589
0
71
63
1258
459
49
560
145
607
1664
1085
82
891
0
580
497
78
783
385
85
365
1001
1073
54
534
81
1102
65
0
1389
718
0
1155
41
0
89
1204
1501
21
0
168
854
13
4877
161
545
673
0
1961
780
67
1757
677
0
320
87
1440
2940
722
0
96
750
556
931
88
711
1423
1609
274
361
0
0
2186
5878
0
788
1281
974
282
1308
750
69
736
0
1743
78
869
56
733
24
3
1326
1056
187
941
148
447
967
613
472
681
501
0
614
822
0
1541
2082
151
659
0
3669
598
906
534
1349
0
711
70
58
1716
933
0
258
892
2194
0
935
1442
0
863
854
961
737
394
688
45
814
0
26
0
565
1106
457
662
2257
805
286
0
0
0
1308
1998
0
736
852
380
813
523
969
0
636
0
122
2351
491
929
655
18
1194
1052
0
786
3995
829
552
242
0
159
299
687
33
6
0
713
0
2153
640
0
58
0
1121
380
706
713
452
341
0
1552
455
0
224
723
0
725
83
0
0
975
0
349
5377
2238
1570
283
282
0
803
0
73
562
804
274
1124
531
1883
1279
24
1571
685
2615
966
0
189
536
1116
4052
0
0
1364
853
1446
19
1472
97
0
811
1143
2270
101
1710
668
497
787
821
319
0
558
36
0
236
941
726
68
423
869
0
0
5776
1165
1206
680
36
0
1196
0
1515
469
0
12
803
9
954
365
693
189
0
524
377
0
894
2519
747
0
997
946
1019
109
1116
170
1834
513
103
932
723
0
3575
101
51
962
198
651
963
30
734
869
999
216
0
0
507
10103
721
656
843
294
672
0
0
135914
1467
518
0
293
617
1896
647
2396
1757
1065
328
0
1554
2107
804
1303
3171
817
3887
1017
743
18
0
1179
162
958
946
298
943
1334
0
1104
957
2547
1143
1150
719
0
0
0
2663
485
686
656
0
9
860
761
943
0
862
67
0
0
1784
557
1728
9526
319
0
2601
642
1300
231
214
315
350
45
658
0
999
0
4782
747
1317
1382
944
829
0
1457
2422
348
364
1507
379
420
1137
315
827
366
595
341
609
1846
2944
356
237
195
410
113
1404
2541
1217
0
766
3
1524
822
3269
236
552
1282
2372
29
454
3684
461
816
1438
21
455
3066
531
624
660
775
83
0
0
796
25
894
190
75
363
537
900
90
0
0
1120
71
0
0
13
159
450
876
666
749
0
820
141
1713
263
271
1102
391
299
255
263
456
408
350
558
424
2102
3709
329
15
0
185
0
131
2492
324
677
1839
2269
103
34
0
0
0
0
0
0
1787
1649
0
1433
0
3
0















